2023-05-28 11:03:32.598318 1.0 0.01 1.0 55.66338089043867 2.4492935982947064e-16
2023-05-28 11:03:32.598318 1.5 0.0225 0.7071067811865476 587.2420084187412 3.6739403974420594e-16
2023-05-28 11:03:32.598318 2.0 0.04 1.2246467991473532e-16 6195.823944308106 4.898587196589413e-16
2023-05-28 11:03:32.598318 2.5 0.0625 -0.7071067811865475 65370.428426807586 6.123233995736766e-16
2023-05-28 11:03:32.598318 3.0 0.09 -1.0 689705.3529033537 7.347880794884119e-16
2023-05-28 11:03:32.598318 3.5 0.1225 -0.7071067811865477 7276890.870976694 8.572527594031472e-16
2023-05-28 11:03:32.598318 4.0 0.16 -2.4492935982947064e-16 76776467.6977233 9.797174393178826e-16
2023-05-28 11:03:32.598318 4.5 0.2025 0.7071067811865474 810047326.0702351 1.102182119232618e-15
2023-05-28 11:03:32.598318 5.0 0.25 1.0 8546585824.408747 1.2246467991473533e-15
2023-05-28 11:03:32.598318 5.5 0.3025 0.7071067811865483 90172668809.78693 4.899825157862589e-15
2023-05-28 11:03:32.598318 6.0 0.36 3.6739403974420594e-16 951386947646.0796 1.4695761589768238e-15
2023-05-28 11:03:32.598318 6.5 0.4225 -0.7071067811865479 10037821172407.008 1.9606728399089416e-15
2023-05-28 11:03:32.598318 7.0 0.49 -1.0 105906281496206.9 1.7145055188062944e-15
2023-05-28 11:03:32.598318 7.5 0.5625 -0.7071067811865485 1117387953790794.0 5.3896838775215305e-15
2023-05-28 11:03:32.598318 8.0 0.64 -4.898587196589413e-16 1.1789251984279096e+16 1.959434878635765e-15
2023-05-28 11:03:32.598318 8.5 0.7225 0.7071067811865478 1.2438514472731707e+17 1.4708141202500005e-15
2023-05-28 11:03:32.598318 9.0 0.81 1.0 1.3123533409470758e+18 2.204364238465236e-15
2023-05-28 11:03:32.598318 9.5 0.9025 0.7071067811865486 1.3846277988184162e+19 5.879542597180472e-15
2023-05-28 11:03:32.598318 10.0 1.0 6.123233995736766e-16 1.4608825850796905e+20 2.4492935982947065e-15
2023-05-28 11:03:32.598318 10.5 1.1025 -0.7071067811865477 1.5413369059976646e+21 9.809554005910593e-16
2023-05-28 11:03:32.598318 11.0 1.21 -1.0 1.6262220400559038e+22 9.799650315725178e-15
2023-05-28 11:03:32.598318 11.5 1.3225 -0.7071067811865487 1.7157820028008804e+23 6.369401316839413e-15
2023-05-28 11:03:32.598318 12.0 1.44 -7.347880794884119e-16 1.8102742483026484e+24 2.9391523179536475e-15
2023-05-28 11:03:32.598318 12.5 1.5625 0.7071067811865476 1.9099704092466991e+25 4.91096680932118e-16
2023-05-28 11:03:32.598318 13.0 1.69 1.0 2.015157077784448e+26 3.921345679817883e-15
2023-05-28 11:03:32.598318 13.5 1.8225 0.7071067811865488 2.126136629387037e+27 6.859260036498355e-15
2023-05-28 11:03:32.598318 14.0 1.96 8.572527594031472e-16 2.243228092070763e+28 3.429011037612589e-15
2023-05-28 11:03:32.598318 14.5 2.1025 -0.7071067811865476 2.3667680634927523e+29 1.2379612731767154e-18
2023-05-28 11:03:32.598318 15.0 2.25 -1.0 2.4971116785535555e+30 1.0779367755043061e-14
2023-05-28 11:03:32.598318 15.5 2.4025 -0.7071067811865488 2.6346336302875165e+31 7.349118756157295e-15
2023-05-28 11:03:32.598318 16.0 2.56 -9.797174393178826e-16 2.779729246976572e+32 3.91886975727153e-15
2023-05-28 11:03:32.598318 16.5 2.7225 0.7071067811865475 2.9328156285827514e+33 4.886207583857646e-16
2023-05-28 11:03:32.598318 17.0 2.89 1.0 3.094332845767123e+34 2.941628240500001e-15
2023-05-28 11:03:32.598318 17.5 3.0625 0.7071067811865489 3.2647452049416253e+35 7.838977475816237e-15
2023-05-28 11:03:32.598318 18.0 3.24 1.102182119232618e-15 3.4445425829899036e+36 4.408728476930472e-15
2023-05-28 11:03:32.598318 18.5 3.4225 -0.7071067811865474 3.634241835495114e+37 9.784794780447059e-16
2023-05-28 11:03:32.598318 19.0 3.61 -1.0 3.8343882825214654e+38 1.1759085194360944e-14
2023-05-28 11:03:32.598318 19.5 3.8025 -0.707106781186549 4.045557276222128e+39 8.328836195475178e-15
2023-05-28 11:03:32.598318 20.0 4.0 -1.2246467991473533e-15 4.268355854778239e+40 4.898587196589413e-15
2023-05-28 11:03:32.598318 20.5 4.2025 0.7071067811865448 4.503424487425201e+41 1.567919291290565e-14
2023-05-28 11:03:32.598318 21.0 4.41 1.0 4.751438915580908e+42 1.9619108011821185e-15
2023-05-28 11:03:32.598318 21.5 4.6225 0.707106781186549 5.013112095369919e+43 8.81869491513412e-15
2023-05-28 11:03:32.598318 22.0 4.84 4.899825157862589e-15 5.289196247127171e+44 1.9599300631450357e-14
2023-05-28 11:03:32.598318 22.5 5.0625 -0.7071067811865471 5.5804850177720646e+45 1.9581969173625882e-15
2023-05-28 11:03:32.598318 23.0 5.29 -1.0 5.887815762270801e+46 1.2738802633678827e-14
2023-05-28 11:03:32.598318 23.5 5.5225 -0.7071067811865467 6.2120719507431086e+47 4.902301080408943e-15
2023-05-28 11:03:32.598318 24.0 5.76 -1.4695761589768238e-15 6.554185708135438e+48 5.878304635907295e-15
2023-05-28 11:03:32.598318 24.5 6.0025 0.7071067811865446 6.915140493758789e+49 1.6658910352223535e-14
2023-05-28 11:03:32.598318 25.0 6.25 1.0 7.295973928396006e+50 9.82193361864236e-16
2023-05-28 11:03:32.598318 25.5 6.5025 0.7071067811865492 7.697780777104744e+51 9.798412354452001e-15
2023-05-28 11:03:32.598318 26.0 6.76 -1.9606728399089416e-15 8.121716096289513e+52 7.842691359635767e-15
2023-05-28 11:03:32.598318 26.5 7.0225 -0.707106781186547 8.568998554092175e+53 2.937914356680471e-15
2023-05-28 11:03:32.598318 27.0 7.29 -1.0 9.040913933642539e+54 1.371852007299671e-14
2023-05-28 11:03:32.598318 27.5 7.5625 -0.7071067811865468 9.538818829243156e+55 3.92258364109106e-15
2023-05-28 11:03:32.598318 28.0 7.84 -1.7145055188062944e-15 1.0064144546110873e+57 6.858022075225178e-15
2023-05-28 11:03:32.598318 28.5 8.1225 0.7071067811865444 1.0618401214885724e+58 1.7638627791541416e-14
2023-05-28 11:03:32.598318 29.0 8.41 1.0 1.1203182132738466e+59 2.475922546353431e-18
2023-05-28 11:03:32.598318 29.5 8.7025 0.7071067811865495 1.1820168343550837e+60 1.0778129793769884e-14
